a = 0.5;
b = 5;